ID	WCFS1.glc.1	WCFS1.glc.2	WCFS1.rib.1	WCFS1.rib.2	NC8.glc.1	NC8.glc.2	NC8.rib.1	NC8.rib.2
lp_0001	8100	9599	8144	7000	7117	8278	7457	6980
lp_0002	12679	15856	11539	11049	10815	14348	10552	10735
lp_0004	1795	1946	1470	1607	1489	1407	1587	1699
lp_0005	8538	8740	5699	7402	6497	8565	6581	8342
lp_0009	56040	42130	31941	23500	61965	37353	20498	18188
lp_0010	105615	90094	60086	52584	103873	91726	45530	44802
lp_0011	68724	63725	37616	37478	63512	66621	31123	31592
lp_0012	6956	7088	6693	7813	5982	6857	7613	8339
lp_0013	3968	3834	3215	4480	3153	4021	3562	4994
lp_0014	5029	4999	3983	4605	4206	4573	4658	5528
lp_0015	341	246	277	306	446	314	341	415
lp_0016	883	737	604	856	799	1038	956	1264
lp_0017	1546	1598	1217	1621	1621	1671	1961	2353
lp_0018	186	171	305	386	207	247	484	514
lp_0022	45	51	71	89	53	65	79	102
lp_0026	1248	1592	1549	1727	709	746	885	983
lp_0027	226	428	391	460	172	235	358	466
lp_0036	3684	4344	3041	3724	2991	4117	3802	4422
lp_0037	6402	6833	5198	5631	5289	5755	5452	5904
lp_0038	4327	4358	2923	3216	3456	3746	2752	3078
lp_0039	3073	3098	1788	2096	2120	2465	1463	1871
lp_0041	2912	2329	2743	3263	3053	2486	2803	3203
lp_0043	4982	4921	4781	4939	4874	5359	5809	6481
lp_0046	248	257	294	232	240	162	224	169
lp_0047	144	97	87	81	64	75	64	74
lp_0048	284	230	259	308	223	167	188	264
lp_0050	276	260	273	235	166	253	86	116
lp_0052	444	410	410	452	348	354	299	344
lp_0053	3998	4447	1734	1730	3633	3805	1784	1465
lp_0057	478	526	606	719	308	363	475	505
lp_0058	114	158	993	1219	120	198	1129	1274
lp_0059	84	73	191	122	62	36	97	108
lp_0060	15	26	26	48	17	24	23	27
lp_0061	75	63	64	110	49	57	55	71
lp_0062	49	52	65	89	49	50	42	62
lp_0063	27	23	581	612	34	43	632	699
lp_0066	277	334	330	292	329	322	243	263
lp_0068	488	611	482	511	531	509	569	577
lp_0070	441	487	940	970	761	1249	4289	4253
lp_0073	653	762	473	557	658	828	656	719
lp_0075	59	74	48	78	22	23	18	14
lp_0076	1058	964	908	1086	1126	1281	1359	1533
lp_0077	651	679	512	592	527	698	638	721
lp_0078	378	451	376	400	465	477	500	491
lp_0080	345	358	259	267	389	387	351	361
lp_0081	418	502	510	644	188	347	298	311
lp_0082	95	74	161	88	69	104	58	61
lp_0083	223	298	285	313	197	225	492	346
lp_0085	414	481	651	609	1922	2142	2400	1921
lp_0088	220	247	226	242	190	259	298	422
lp_0089	759	1018	761	903	504	825	664	694
lp_0091	1233	1530	993	1478	1084	1367	1510	1545
lp_0092	463	533	612	617	646	739	814	904
lp_0096	65	50	339	462	31	29	340	385
lp_0098	105	165	497	497	38	41	397	335
lp_0099	1590	1752	1630	815	1328	922	909	589
lp_0100	2886	3339	2678	2293	2685	2992	2372	2353
lp_0101	621	510	244	189	493	523	170	219
lp_0102	859	894	352	296	667	874	330	396
lp_0103	712	612	362	233	752	401	271	209
lp_0104	293	320	60	58	132	162	99	104
lp_0105	107	123	25	30	71	86	45	37
lp_0106	112	134	19	20	62	87	68	46
lp_0107	129	156	25	27	79	94	37	52
lp_0108	45	50	18	8	51	32	4	22
lp_0109	128	222	56	56	82	153	87	95
lp_0111	1750	2269	2263	3019	1020	1678	1576	1460
lp_0113	128	117	629	866	165	172	503	635
lp_0114	275	263	1145	1598	263	326	986	1318
lp_0115	212	237	977	1229	238	287	1006	1140
lp_0116	436	411	1778	2383	408	685	1777	2135
lp_0117	670	683	691	969	406	531	657	1064
lp_0118	1157	1436	2733	2871	1456	1919	4427	4100
lp_0119	821	1148	1110	1327	438	844	899	996
lp_0120	5180	5720	4919	5355	5658	5886	6690	6398
lp_0121	753	830	696	921	1247	1831	1767	2185
lp_0122	838	868	856	1100	1175	1523	1860	2037
lp_0124	8454	8457	6763	6536	7109	7996	6933	5498
lp_0126	5799	6247	7738	4880	4078	3341	3510	2664
lp_0127	193	200	200	171	31	38	26	24
lp_0128	269	304	284	251	253	330	281	293
lp_0129	411	485	440	438	439	417	499	430
lp_0130	13	10	14	11	25	19	32	18
lp_0132	791	782	563	707	638	845	796	792
lp_0133	366	322	231	408	170	226	207	311
lp_0134	481	377	319	425	148	246	159	274
lp_0136	60	57	49	99	47	63	57	70
lp_0137	819	821	1300	1453	714	768	1590	1452
lp_0138	2478	2602	1206	1277	3497	3884	1761	1745
lp_0139	8024	9214	25338	24536	9809	10622	23891	21513
lp_0141	20	28	14	22	18	22	24	23
lp_0145	1579	1954	897	794	1456	1939	758	943
lp_0146	358	497	279	253	261	349	210	203
lp_0148	1233	1410	1103	929	1551	1544	1142	1053
lp_0149	3060	3662	2677	2721	3348	4305	2959	3187
lp_0150	507	580	450	372	708	579	390	424
lp_0152	1165	1209	955	1184	947	1014	1032	1020
lp_0154	35	24	56	131	13	12	40	105
lp_0155	24	14	88	218	1	4	32	146
lp_0156	26	29	261	354	2	12	149	224
lp_0158	650	611	610	909	382	369	339	623
lp_0159	336	257	243	320	143	122	196	195
lp_0160	147	132	126	186	144	200	170	281
lp_0161	184	176	161	179	180	202	241	335
lp_0162	399	354	257	419	271	324	291	405
lp_0163	1104	963	883	1225	1096	1178	998	1353
lp_0164	2222	2954	1628	1632	2029	2685	2048	1786
lp_0165	97	115	117	115	104	94	89	88
lp_0166	502	644	564	583	428	479	449	469
lp_0168	1648	1764	1932	2355	64	70	759	746
lp_0169	1346	1351	1481	2161	49	53	534	711
lp_0170	602	616	735	800	12	18	305	351
lp_0171	1298	1286	1583	2012	52	60	675	723
lp_0172	302	272	602	740	270	251	550	561
lp_0173	213	289	617	731	179	280	585	669
lp_0174	493	649	1286	1406	505	586	1154	1339
lp_0175	412	520	1387	1518	585	667	1604	1653
lp_0176	30	38	157	191	74	53	174	188
lp_0177	23	32	70	73	29	23	80	104
lp_0178	58	68	177	201	46	56	174	164
lp_0179	87	103	241	250	94	105	249	311
lp_0183	3586	4056	3186	2708	2336	1810	1876	1627
lp_0184	186	292	710	699	247	286	803	702
lp_0185	216	248	300	307	206	231	297	277
lp_0187	226	268	197	168	229	271	246	221
lp_0188	468	482	498	495	474	472	575	561
lp_0190	1232	1380	793	744	1442	1653	556	615
lp_0192	1055	1034	591	555	1167	1513	333	389
lp_0194	693	707	571	540	523	714	512	596
lp_0197	1841	1649	1789	2713	2098	2755	2843	3967
lp_0199	1511	1622	1564	1567	1434	1410	1774	1541
lp_0202	127	190	94	125	147	200	108	104
